color=0.55 0.58 0.65 1
metallic=0.791878
roughness=0.408629
emissive=0 0 0 0
