color=0.106363 0.969692 0.0979507 1
metallic=0
roughness=0.5
emissive=0 0 0 0
