color=0.684848 0.282786 0.266704 0.988235
metallic=0
roughness=0.5
emissive=0 0 0 0
